0 0 0 0 0 0 | 0 0 0 0 0
0 0 0 0 0 1 | 0 0 0 0 0
0 0 0 0 1 0 | 0 0 0 0 0
0 0 0 0 1 1 | 0 0 0 0 0
0 0 0 1 0 0 | 0 0 0 0 0
0 0 0 1 0 1 | 0 0 0 0 0
0 0 0 1 1 0 | 1 1 0 0 1
0 0 0 1 1 1 | 1 1 1 0 1
0 0 1 0 0 0 | 0 0 0 1 1
0 0 1 0 0 1 | 0 0 1 1 1
0 0 1 0 1 0 | 0 0 0 1 1
0 0 1 0 1 1 | 0 0 1 1 1
0 0 1 1 0 0 | 0 0 0 1 1
0 0 1 1 0 1 | 0 0 1 1 1
0 0 1 1 1 0 | 1 1 0 1 1
0 0 1 1 1 1 | 1 1 1 1 1
0 1 0 0 0 0 | 0 0 0 0 0
0 1 0 0 0 1 | 0 0 0 0 0
0 1 0 0 1 0 | 1 1 0 0 0
0 1 0 0 1 1 | 1 1 0 0 0
0 1 0 1 0 0 | 0 0 0 0 0
0 1 0 1 0 1 | 0 0 0 0 0
0 1 0 1 1 0 | 1 1 0 0 0
0 1 0 1 1 1 | 1 1 0 0 0
0 1 1 0 0 0 | 0 0 0 1 1
0 1 1 0 0 1 | 0 0 1 1 1
0 1 1 0 1 0 | 1 1 0 1 1
0 1 1 0 1 1 | 1 1 1 1 1
0 1 1 1 0 0 | 0 0 0 1 0
0 1 1 1 0 1 | 0 0 0 1 0
0 1 1 1 1 0 | 1 1 0 1 0
0 1 1 1 1 1 | 1 1 0 1 0
1 0 0 0 0 0 | 1 0 1 0 1
1 0 0 0 0 1 | 1 0 0 0 0
1 0 0 0 1 0 | 1 0 1 0 1
1 0 0 0 1 1 | 1 0 0 0 0
1 0 0 1 0 0 | 1 0 1 0 1
1 0 0 1 0 1 | 1 0 0 0 0
1 0 0 1 1 0 | 1 1 1 0 1
1 0 0 1 1 1 | 1 0 0 0 0
1 0 1 0 0 0 | 1 0 1 1 1
1 0 1 0 0 1 | 1 0 1 1 1
1 0 1 0 1 0 | 1 0 1 1 1
1 0 1 0 1 1 | 1 0 1 1 1
1 0 1 1 0 0 | 1 0 1 1 1
1 0 1 1 0 1 | 1 0 1 1 1
1 0 1 1 1 0 | 1 1 1 1 1
1 0 1 1 1 1 | 1 1 1 1 1
1 1 0 0 0 0 | 1 0 1 0 1
1 1 0 0 0 1 | 1 0 0 0 0
1 1 0 0 1 0 | 1 1 1 0 1
1 1 0 0 1 1 | 1 0 0 0 0
1 1 0 1 0 0 | 1 0 1 0 0
1 1 0 1 0 1 | 1 0 0 0 0
1 1 0 1 1 0 | 1 1 1 0 0
1 1 0 1 1 1 | 1 0 0 0 0
1 1 1 0 0 0 | 1 0 1 1 1
1 1 1 0 0 1 | 1 0 1 1 1
1 1 1 0 1 0 | 1 1 1 1 1
1 1 1 0 1 1 | 1 0 1 1 1
1 1 1 1 0 0 | 1 0 1 1 0
1 1 1 1 0 1 | 1 0 0 1 0
1 1 1 1 1 0 | 1 1 1 1 0
1 1 1 1 1 1 | 1 0 0 1 0

power E
resistor R
bulb L1
bulb L2
bulb L3
bulb L4
bulb L5
switch a
switch b
switch c
switch d
switch e
switch f

link E.-,R.1
link R.2,L1.1
link L1.2,L2.1
link L2.2,e.1
link e.2,b.1
link b.2,E.+
link R.2,c.1
link c.2,L4.1
link L4.2,L5.1
link L5.2,E.+
link L1.2,a.1
link a.2,L3.1
link L3.2,d.1
link d.2,b.1
link L3.2,L5.1
link a.2,f.1
link f.2,E.+